0 99 5
0 111 4
0 381 7
0 415 4
0 514 2
0 585 2
0 690 2
0 691 7
0 783 5
0 784 3
0 954 7
1 153 1
1 732 4
1 1937 2
2 962 6
3 634 2
4 588 1
5 36 4
5 63 5
5 97 2
5 603 2
5 949 1
6 64 4
6 682 3
8 868 1
8 1986 5
9 158 5
9 202 4
9 260 7
9 559 1
9 820 1
9 970 2
11 387 2
11 945 6
12 508 2
12 1741 6
12 777 7
13 250 2
14 868 1
16 145 1
18 59 5
20 6 3
21 1678 3
21 680 5
22 118 3
22 303 5
22 335 6
22 455 4
22 469 3
22 599 4
22 668 3
22 899 6
23 309 7
23 704 4
24 127 2
24 392 6
24 406 7
24 685 7
24 947 5
24 952 3
25 69 4
25 357 6
25 655 1
25 683 5
25 888 2
27 393 1
28 48 3
28 54 1
28 105 6
28 106 4
28 153 5
28 633 5
28 987 7
29 740 5
29 793 1
29 818 2
29 859 4
30 1203 6
30 1239 4
30 1282 3
30 1650 2
30 1788 4
30 1991 7
30 2064 1
30 2149 2
31 2202 2
31 1282 7
31 1357 2
31 297 3
31 1489 3
31 2665 4
31 2774 2
31 2812 6
31 1740 2
31 646 2
31 732 2
31 3028 3
31 779 3
31 882 3
31 2082 4
32 592 6
32 665 5
32 686 5
32 687 2
32 697 4
32 845 3
33 260 7
34 180 7
34 366 2
34 1587 6
34 573 1
34 697 2
34 828 6
34 829 2
35 92 2
35 500 4
37 1267 6
37 182 5
37 2464 4
37 310 6
37 444 2
37 1724 4
37 828 1
39 1010 1
40 146 6
40 148 1
40 177 4
40 411 5
40 480 7
40 621 7
40 625 5
41 418 3
41 2773 6
44 632 5
44 868 3
45 733 3
45 751 7
47 213 5
47 778 1
48 106 4
51 355 4
51 356 6
51 438 2
51 470 1
51 481 6
51 516 6
51 597 4
53 161 1
53 309 7
55 3279 2
55 971 7
56 1824 7
56 3291 5
57 1127 4
57 1253 1
57 157 6
57 1536 4
57 1608 3
57 1636 3
57 1682 1
57 1769 3
57 1981 5
58 180 6
58 302 1
58 697 2
60 443 1
60 586 3
61 944 1
62 802 4
63 949 4
64 91 7
64 210 5
64 239 2
64 569 7
65 152 4
67 54 5
67 105 1
67 176 3
69 355 2
69 356 2
69 516 2
70 750 5
71 190 4
71 939 3
77 813 5
78 534 5
78 732 3
79 1019 4
79 37 3
79 103 3
79 2460 3
79 278 4
79 2677 3
79 460 2
79 1724 1
79 828 7
79 3162 1
84 743 5
85 366 5
85 619 5
85 697 6
86 26 6
86 262 3
86 272 3
86 460 6
86 461 6
86 585 7
86 626 5
86 769 6
86 797 6
86 1006 7
87 597 6
88 152 1
88 154 7
88 1281 7
88 779 4
88 1998 7
88 1999 7
88 2073 3
89 546 6
89 548 2
96 913 1
96 997 7
97 5 6
97 36 3
97 63 6
97 949 6
99 723 2
99 931 6
99 952 7
100 680 3
102 267 6
104 129 3
104 131 6
104 134 3
104 140 7
105 176 2
105 180 7
108 1494 6
108 383 1
108 2125 6
110 584 3
113 382 2
115 569 5
115 671 2
119 810 1
120 634 4
121 866 5
123 310 5
123 547 5
123 668 1
123 669 1
124 881 6
126 617 6
130 182 6
130 1498 3
141 1002 5
144 141 5
144 146 4
144 453 7
144 1002 2
146 907 5
149 326 6
150 149 7
150 326 1
152 573 4
158 970 2
160 854 4
164 952 5
167 639 5
170 306 4
170 494 6
172 56 6
172 1168 5
172 1934 2
173 108 4
173 384 1
173 514 4
175 479 6
178 228 3
178 232 1
178 236 5
179 1075 5
179 1282 2
179 267 5
179 297 6
179 438 4
179 1650 6
179 573 1
179 646 3
179 779 3
179 1921 3
179 1991 3
183 2207 2
183 185 5
183 452 6
183 605 6
183 3117 2
184 54 5
184 106 4
184 1249 2
184 422 5
184 539 3
184 586 2
184 1761 7
184 694 3
184 697 7
184 714 3
184 3252 3
184 999 2
184 1000 1
192 607 3
201 1494 6
201 383 2
201 2125 5
202 255 7
203 239 3
204 650 1
204 945 3
207 499 2
209 347 3
217 724 1
218 65 6
218 1247 6
218 2401 3
218 1489 1
218 2638 5
218 1724 1
218 725 1
218 732 5
218 2104 5
218 3303 2
230 146 1
230 148 7
230 177 7
230 411 4
230 480 1
230 621 7
230 625 2
243 126 6
243 617 5
245 722 6
245 1009 2
262 541 3
262 673 5
262 797 7
263 26 2
263 122 6
263 311 4
263 344 4
263 424 6
263 425 6
263 426 2
263 566 7
263 685 5
263 768 1
263 769 1
263 796 3
263 840 6
264 723 7
264 815 2
265 69 6
265 107 2
265 194 4
265 501 5
265 502 2
265 567 5
265 655 6
265 888 7
266 65 6
266 88 1
266 152 6
266 297 6
266 685 1
266 732 6
266 3191 4
266 905 5
266 2081 3
268 561 2
268 668 5
269 80 3
270 868 2
271 690 4
272 103 7
272 262 7
272 285 7
272 310 4
272 516 3
272 827 2
272 887 3
273 432 1
273 433 7
274 36 1
274 63 4
274 83 7
274 203 3
274 735 7
275 28 1
275 54 3
275 105 7
275 106 4
275 1249 7
275 153 4
275 469 3
275 619 1
275 697 6
275 956 2
275 987 3
275 1000 5
276 69 3
276 107 3
276 463 3
276 555 2
276 580 6
276 581 3
276 655 3
276 827 1
276 888 1
276 901 1
276 902 3
278 1267 4
278 182 7
278 2464 7
278 310 5
278 444 4
278 1724 3
278 828 1
279 2292 7
279 210 4
279 358 4
279 2969 2
279 3005 6
279 3006 1
280 324 6
280 350 6
280 917 5
281 144 4
281 418 1
281 584 6
281 861 2
282 631 1
283 263 3
283 311 2
284 1513 1
284 732 4
285 94 2
285 159 7
285 2482 3
285 356 5
285 445 4
285 697 2
285 896 3
286 545 2
287 170 6
287 675 2
287 692 1
288 917 4
289 732 3
290 157 2
290 163 4
290 252 6
290 260 3
290 784 3
291 67 6
291 106 7
291 152 7
291 153 4
291 154 2
291 159 4
291 167 1
291 216 5
291 317 4
291 336 4
291 356 7
291 445 2
291 462 6
291 470 3
291 482 3
291 501 6
291 516 2
291 590 6
291 1714 7
291 640 1
291 673 4
291 683 4
291 694 1
291 708 3
291 746 4
291 3130 4
291 926 3
291 927 1
292 233 4
293 169 2
293 213 6
293 396 7
293 397 4
293 651 5
293 778 4
294 588 7
295 228 7
295 232 4
295 236 4
295 475 4
295 535 6
295 602 5
295 634 5
295 732 2
295 771 3
295 882 2
296 25 5
296 69 4
296 655 6
296 1007 6
297 122 6
297 127 7
297 1232 1
297 504 2
297 541 2
297 3015 2
297 797 5
297 802 2
298 764 1
298 1010 4
299 468 2
300 418 4
301 2245 5
301 68 1
302 251 2
302 438 5
302 746 2
302 804 3
302 911 6
303 180 3
303 841 6
304 634 1
305 228 5
305 232 4
305 236 2
308 868 3
308 1986 7
309 161 6
311 2529 2
311 2530 1
312 315 3
313 315 7
314 315 6
316 622 4
318 51 1
318 481 3
318 597 3
319 135 3
320 1009 3
323 109 4
323 133 2
323 512 2
323 513 1
323 514 7
325 149 7
325 326 6
326 324 5
326 350 5
326 591 3
326 1701 6
326 917 5
328 617 3
329 36 6
329 63 1
329 97 4
329 114 4
329 661 7
329 821 5
329 948 5
330 137 5
331 66 7
332 2342 5
332 597 4
333 722 4
337 287 6
337 675 5
338 69 4
338 107 5
338 463 2
338 555 6
338 580 4
338 581 2
338 655 1
338 827 3
338 888 2
338 901 1
338 902 6
339 2799 3
339 1858 2
339 813 6
339 3158 4
341 868 7
342 771 2
343 1804 4
343 869 4
344 2570 5
348 170 5
348 630 5
348 982 3
349 1177 4
349 574 5
349 575 6
349 619 2
350 515 1
352 2583 3
352 353 3
352 354 1
353 164 3
353 421 5
354 2259 3
354 2407 1
354 2579 1
354 2580 4
354 351 4
354 353 1
354 2585 1
354 2586 6
354 2770 5
354 1958 6
355 356 6
359 358 5
360 361 5
362 971 1
364 51 6
364 103 5
364 167 5
364 234 3
364 244 5
364 251 1
364 253 6
364 259 2
364 302 6
364 355 3
364 365 7
364 382 7
364 462 1
364 470 4
364 481 3
364 482 7
364 483 3
364 516 4
364 517 1
364 523 6
364 525 7
364 550 6
364 673 2
364 697 3
364 701 7
364 706 1
364 745 4
364 746 4
364 777 2
364 804 2
364 910 3
364 911 7
364 918 4
365 2446 4
369 651 3
370 135 6
370 1337 4
371 895 2
372 69 3
372 107 2
372 194 2
372 501 4
372 502 1
372 655 1
372 888 5
372 1007 5
373 94 7
373 2463 2
373 251 6
373 262 7
373 374 3
373 444 7
373 445 1
373 3014 1
373 3015 1
374 94 6
374 444 7
374 445 4
375 515 4
375 630 5
378 2339 4
378 2596 2
378 1633 3
378 947 7
381 119 3
381 605 7
381 606 4
381 684 3
381 713 4
383 108 1
383 384 2
383 514 6
384 514 7
385 202 4
385 386 1
386 202 3
386 240 6
387 202 5
387 434 5
387 649 7
387 650 3
388 249 1
388 579 5
388 676 3
389 196 5
389 334 7
389 467 4
389 579 7
389 584 1
389 636 2
389 936 1
389 973 6
390 7 6
390 10 4
390 15 6
390 22 1
390 28 5
390 51 7
390 54 4
390 58 2
390 82 5
390 85 7
390 94 1
390 98 5
390 103 7
390 106 1
390 147 2
390 151 1
390 153 5
390 154 1
390 155 1
390 156 7
390 167 3
390 176 2
390 180 1
390 182 1
390 200 2
390 212 5
390 219 5
390 221 5
390 231 3
390 233 1
390 234 3
390 244 1
390 248 5
390 253 4
390 254 4
390 259 3
390 303 7
390 317 3
390 318 5
390 336 1
390 355 2
390 356 7
390 363 2
390 382 2
390 391 5
390 414 7
390 444 2
390 445 5
390 450 5
390 455 2
390 456 7
390 462 5
390 470 4
390 481 6
390 482 5
390 483 4
390 504 6
390 507 2
390 516 7
390 517 2
390 523 4
390 525 6
390 550 3
390 557 6
390 573 5
390 576 3
390 597 4
390 608 2
390 619 6
390 658 5
390 668 4
390 669 3
390 673 7
390 680 7
390 694 5
390 697 6
390 698 7
390 700 1
390 701 3
390 702 3
390 706 4
390 708 7
390 711 3
390 727 5
390 744 4
390 746 6
390 772 6
390 773 3
390 799 2
390 802 7
390 804 4
390 812 1
390 880 5
390 896 6
390 899 4
390 906 5
390 910 4
390 929 3
390 1000 6
391 189 5
391 382 4
392 592 7
392 914 4
395 397 5
396 213 6
396 293 1
396 397 2
396 723 7
396 778 1
397 213 1
397 778 3
398 820 1
400 402 3
400 405 5
401 400 7
401 402 3
401 405 2
403 405 1
404 401 3
404 403 6
404 405 4
405 2134 1
406 789 3
407 812 5
408 516 2
409 191 1
410 116 4
410 174 7
410 241 5
410 316 1
410 411 7
410 570 2
410 622 1
410 975 7
413 2466 3
413 2868 6
414 58 4
416 137 1
416 142 5
416 144 1
416 146 5
416 198 3
416 351 6
416 418 6
416 453 6
416 499 1
416 879 2
416 1003 5
417 453 2
417 810 4
418 141 6
418 146 6
418 453 6
418 1002 7
419 281 7
419 360 7
420 233 6
421 1262 1
422 28 3
422 48 7
422 54 3
422 105 3
422 106 4
422 153 6
422 194 6
422 469 1
422 586 1
422 633 3
422 714 1
422 1899 1
422 987 2
423 952 4
424 426 7
425 426 3
428 673 2
429 1172 4
429 284 2
429 1408 7
429 305 6
429 1409 2
429 1512 7
429 601 7
429 1710 4
429 1721 6
429 732 1
430 732 2
431 868 5
432 433 7
432 915 4
433 915 7
434 387 1
434 506 6
437 438 3
437 516 6
437 711 5
438 251 6
439 51 3
439 58 4
439 94 2
439 167 2
439 212 6
439 244 5
439 253 2
439 259 7
439 302 2
439 332 1
439 355 6
439 364 7
439 365 6
439 382 1
439 414 3
439 438 6
439 444 2
439 445 4
439 481 7
439 482 1
439 483 1
439 516 7
439 517 1
439 525 1
439 597 7
439 668 6
439 669 5
439 680 7
439 697 3
439 702 7
439 747 4
439 755 3
439 804 1
439 871 2
439 918 2
440 10 5
441 1236 5
441 2447 6
441 1478 3
441 1531 6
441 2665 7
441 2765 7
441 1723 6
441 645 5
441 1801 1
441 774 4
441 880 3
441 2168 4
442 106 7
443 586 4
444 94 5
445 94 5
445 194 3
445 444 6
447 93 4
447 213 5
447 256 3
447 296 7
447 535 2
447 744 1
447 778 5
447 800 7
447 921 6
447 967 1
448 810 1
450 449 1
450 451 2
450 560 4
450 710 1
450 896 6
452 605 5
454 817 1
456 147 4
457 458 5
459 573 4
459 697 1
460 2361 4
460 154 2
460 263 3
460 685 3
460 3156 1
460 3159 5
460 1006 1
461 25 3
461 69 6
461 888 1
462 167 6
462 828 3
465 466 5
469 586 7
469 633 7
469 697 5
471 2221 3
471 30 5
471 31 3
471 1075 4
471 1169 5
471 1199 2
471 122 5
471 127 3
471 1232 7
471 179 5
471 262 7
471 272 4
471 276 4
471 1357 1
471 285 4
471 1383 3
471 338 2
471 504 6
471 510 3
471 541 2
471 556 3
471 566 6
471 2812 3
471 697 7
471 732 3
471 3015 2
471 780 2
471 797 5
471 802 5
472 142 2
472 145 2
474 90 1
476 475 2
477 346 6
477 369 7
477 753 1
477 951 6
478 868 3
481 51 6
482 51 7
482 481 1
482 697 7
483 51 5
483 154 1
483 189 4
483 244 3
483 253 7
483 259 5
483 355 6
483 481 1
483 516 2
483 525 1
483 597 6
483 702 5
483 706 6
483 708 4
483 918 2
486 138 1
486 485 7
487 42 7
487 271 4
487 950 4
488 17 7
488 39 4
488 42 7
488 271 7
488 367 3
488 368 6
488 487 7
488 489 2
488 569 3
488 790 6
488 833 6
488 834 3
488 950 4
488 955 7
488 964 2
488 1010 5
490 805 7
492 570 3
493 492 5
493 907 1
495 19 2
495 75 7
495 139 3
495 208 2
495 667 2
495 743 1
495 935 5
495 979 7
496 142 3
497 145 4
498 239 3
501 1007 4
502 107 4
502 501 5
502 508 2
502 755 5
502 1007 6
503 634 1
504 159 2
505 30 7
505 56 5
505 69 6
505 78 6
505 172 7
505 534 2
505 562 2
505 732 6
506 171 4
506 394 7
506 721 1
506 843 6
506 939 6
507 206 2
509 174 7
509 340 4
510 504 6
510 566 7
514 323 3
514 383 1
514 868 1
517 251 7
517 310 1
517 525 7
517 673 5
517 871 7
518 952 6
520 170 4
521 616 3
521 701 5
522 28 6
522 54 1
522 105 3
522 106 1
522 1249 3
522 153 3
522 1374 7
522 1460 2
522 1464 7
522 469 5
522 616 7
522 619 4
522 697 2
522 956 3
522 987 7
522 999 5
522 1000 1
523 182 3
523 261 4
524 971 5
525 590 4
530 879 7
531 188 4
531 532 6
531 810 5
533 534 5
533 732 2
534 732 7
537 380 7
537 655 4
538 673 4
539 86 4
539 460 4
540 784 5
541 507 4
542 101 6
542 145 1
542 791 3
544 14 2
544 286 4
544 545 7
546 548 7
547 159 6
547 244 5
547 253 2
547 259 3
547 572 5
547 573 5
547 590 6
547 697 5
551 679 2
551 680 4
552 952 7
553 2728 3
553 2791 4
553 673 5
553 1921 1
553 1951 2
553 2161 5
554 58 4
554 106 3
554 422 2
554 469 6
554 1642 5
554 830 3
554 1000 7
556 2266 1
556 257 4
556 462 6
556 829 3
558 475 4
561 655 7
561 669 6
564 132 1
564 536 3
564 775 2
564 975 6
566 152 2
566 770 4
566 771 5
566 802 5
567 1650 4
568 158 5
571 95 5
571 234 7
571 697 2
572 180 3
572 549 6
572 573 6
572 697 6
572 841 4
573 257 6
573 829 3
574 95 7
574 310 1
574 549 4
574 572 3
574 697 5
575 549 2
577 3209 3
577 965 1
581 580 4
582 200 1
583 158 1
584 202 3
584 240 7
584 386 5
587 808 7
588 952 2
589 129 2
589 131 5
589 134 3
589 140 5
591 217 2
591 724 4
591 978 6
592 235 6
595 593 5
595 594 3
596 160 6
596 496 5
598 151 3
598 336 6
598 599 2
600 569 1
600 671 5
601 17 2
601 834 5
604 59 5
605 185 1
606 199 7
608 167 2
608 168 5
608 238 6
608 413 2
608 578 6
608 597 5
608 639 4
608 706 3
608 773 6
608 896 1
609 462 7
609 828 6
609 3162 7
610 135 7
611 950 1
612 52 7
612 271 5
612 569 5
612 583 2
612 955 3
612 964 3
612 965 6
613 611 2
613 955 2
615 217 6
615 288 6
615 306 2
615 350 1
615 1509 3
615 592 4
615 3205 7
615 3217 4
616 7 4
616 51 7
616 67 6
616 481 5
616 549 4
616 571 1
616 572 7
616 574 6
616 575 4
616 1714 7
616 668 5
616 694 2
616 714 6
616 748 1
616 2018 1
616 3236 5
616 998 2
616 999 6
616 1000 5
618 240 6
619 220 6
619 920 2
620 621 6
620 623 3
621 623 2
623 621 3
624 621 6
624 623 4
624 625 4
625 229 5
625 623 2
627 823 2
628 1243 2
628 1461 3
629 350 5
629 515 7
629 630 5
631 70 7
631 226 2
631 241 4
631 403 4
631 411 4
631 492 5
631 495 1
631 620 6
631 750 3
631 979 1
631 980 3
631 988 2
631 995 1
631 1003 6
631 1009 4
635 491 5
635 870 1
637 149 6
637 150 4
637 324 1
637 325 7
637 326 3
637 327 2
637 552 6
638 128 7
639 640 5
640 639 5
641 157 5
641 209 1
641 719 4
643 35 6
643 38 1
643 64 1
643 83 7
643 121 7
643 136 4
643 239 4
643 271 4
643 313 1
643 314 7
643 348 5
643 641 4
643 661 6
643 682 5
643 807 4
643 808 5
643 814 3
643 840 6
643 866 3
643 893 3
643 923 6
643 994 1
644 42 5
644 271 2
644 611 1
644 1010 7
646 1282 7
646 549 6
646 1650 6
646 732 3
646 1895 7
646 2064 5
646 2149 1
646 2150 2
647 197 5
647 898 2
648 2181 4
648 299 7
648 2865 3
650 957 7
652 397 5
653 225 6
654 202 5
654 214 1
654 240 6
654 255 2
654 860 3
655 508 3
655 1007 6
656 166 6
657 656 1
657 935 5
658 82 4
659 70 1
659 208 7
659 211 5
659 241 7
659 330 4
659 495 2
659 570 3
659 660 2
659 722 2
659 750 1
659 877 7
659 979 7
659 980 1
659 986 6
659 1003 3
659 1009 1
660 40 7
660 875 1
660 986 5
661 36 7
661 63 5
661 97 4
661 191 5
661 203 4
661 313 1
661 314 4
661 328 7
661 603 4
661 617 7
661 674 6
661 726 6
661 735 7
661 835 5
661 836 3
661 852 7
661 877 2
661 908 6
661 948 3
662 877 3
663 6 3
663 17 2
663 20 6
663 643 5
663 657 2
663 831 2
663 858 2
664 502 2
665 727 4
665 728 1
666 667 7
668 251 7
668 802 5
669 251 2
670 205 6
672 2420 4
672 2437 2
672 215 1
673 376 4
673 377 7
673 711 5
673 762 6
673 802 2
673 839 5
674 72 3
674 76 2
676 2985 6
677 1394 6
677 1747 3
677 678 2
677 1984 1
677 867 6
677 868 6
678 44 1
678 379 2
678 1747 1
678 1984 3
678 867 2
679 680 2
681 219 6
681 2461 6
681 231 5
681 248 6
682 91 7
682 210 4
682 239 2
682 569 2
684 216 6
685 322 5
685 592 2
685 665 1
685 686 2
685 687 1
685 697 4
685 845 1
688 180 3
688 841 4
689 573 1
691 134 4
691 250 3
691 499 1
691 511 5
691 519 6
691 651 3
691 690 1
691 898 3
691 935 7
691 1009 6
693 400 1
693 401 3
693 404 6
693 405 1
695 1301 6
695 1960 2
696 614 1
697 224 2
698 85 6
698 95 5
698 180 5
698 303 4
698 456 6
698 481 7
698 549 2
698 571 3
698 572 5
698 574 5
698 575 1
698 619 7
698 668 7
698 694 2
698 697 3
698 700 7
698 701 4
698 805 3
698 904 4
699 22 1
699 34 5
699 54 2
699 85 1
699 98 3
699 105 3
699 106 7
699 153 7
699 155 5
699 156 6
699 251 3
699 310 1
699 366 5
699 516 1
699 575 5
699 619 5
699 668 2
699 669 2
699 697 5
699 700 3
699 701 7
699 714 3
699 746 6
699 748 7
699 755 7
699 842 5
699 906 2
699 987 4
699 999 7
699 1000 1
700 366 5
700 619 1
700 697 3
701 668 7
704 143 6
704 239 3
704 563 6
704 751 2
704 752 3
705 1420 6
705 432 2
707 708 7
708 223 7
709 707 6
709 708 3
712 935 5
714 28 6
714 54 7
714 67 2
714 105 6
714 106 7
714 153 2
714 956 3
714 987 2
714 999 6
714 1000 3
715 135 4
715 610 5
716 2381 3
716 135 4
716 2961 3
717 180 4
718 877 6
719 347 7
722 721 2
725 2400 2
727 728 7
729 730 6
729 1009 5
730 320 5
731 139 1
731 166 3
731 907 3
731 979 5
734 733 3
734 751 5
735 77 6
735 813 1
736 320 7
737 320 7
737 729 7
737 730 7
737 736 2
738 2665 6
738 789 2
739 235 6
739 464 3
739 588 6
739 592 7
739 738 6
741 1009 2
742 475 7
743 979 6
745 251 5
745 356 4
745 438 7
745 516 4
745 746 2
745 804 4
745 805 4
745 910 3
745 911 7
747 51 5
747 355 7
747 356 2
747 481 3
747 504 6
747 516 6
747 746 3
747 804 3
747 805 7
747 910 6
747 911 5
748 28 5
748 48 7
748 54 6
748 67 6
748 105 4
748 106 7
748 153 6
748 1761 7
748 697 4
748 714 2
748 956 4
748 987 5
748 998 7
748 999 2
748 1000 3
749 634 5
750 712 3
751 752 5
753 160 7
753 195 6
753 227 6
753 559 1
753 579 5
753 628 6
753 695 4
753 811 5
753 874 1
754 802 5
756 334 6
756 389 4
757 758 2
758 193 2
759 193 3
759 720 5
760 193 1
763 50 5
763 93 5
763 374 1
763 427 6
763 800 4
763 805 1
763 825 4
764 723 2
765 363 3
766 668 2
767 467 6
767 473 6
767 494 6
768 665 5
768 727 4
768 728 1
768 1876 3
769 1231 7
769 1234 4
769 1273 7
769 2686 4
769 538 5
769 685 3
769 686 1
769 687 1
769 796 1
769 2157 2
770 771 5
772 355 1
772 516 6
772 706 6
772 746 2
772 804 2
772 896 3
772 911 6
773 356 7
773 451 7
773 706 1
776 883 4
780 88 4
780 1203 5
780 1239 5
780 1282 1
780 262 5
780 267 2
780 272 4
780 1650 3
780 1664 1
780 1788 6
780 732 4
780 1895 1
780 1921 2
780 1991 3
780 2064 3
780 2149 4
780 1006 5
781 2585 7
781 858 5
782 162 5
782 2639 5
782 2640 3
782 754 2
783 290 5
787 722 4
788 89 2
788 319 6
788 546 7
788 579 6
788 875 5
788 935 3
791 188 2
792 29 6
792 793 5
792 859 2
793 740 1
793 818 7
793 859 1
794 240 3
795 91 6
795 2382 6
795 1794 3
795 1811 6
798 713 6
799 167 6
799 332 1
799 365 7
799 390 1
799 391 1
799 639 6
799 640 1
799 701 6
799 707 4
799 708 2
799 777 7
799 803 6
800 93 6
801 754 1
801 802 5
804 746 4
804 911 2
805 516 1
805 746 7
805 804 3
806 247 7
806 2767 5
809 136 7
809 807 6
809 808 5
810 246 4
814 35 4
814 121 7
814 136 3
814 188 2
814 519 3
814 723 5
814 786 1
814 807 1
814 808 3
814 816 3
814 866 6
814 884 6
816 121 4
816 723 1
816 866 5
817 171 4
817 1002 6
819 634 3
821 3013 5
822 125 2
822 144 1
822 145 2
822 146 7
822 242 5
822 281 5
822 360 4
822 412 3
822 417 5
822 418 2
822 472 1
822 473 2
822 767 7
822 810 6
822 879 7
824 970 4
825 321 4
828 2460 1
828 1326 5
830 176 1
831 834 5
831 886 6
832 17 1
834 964 2
836 837 4
837 835 2
838 108 3
838 173 2
838 201 3
838 383 5
838 384 6
842 180 3
842 896 6
846 170 3
846 287 6
846 604 1
846 848 4
846 850 7
847 18 4
847 40 7
847 43 6
847 46 6
847 49 5
847 59 3
847 81 1
847 138 3
847 181 3
847 186 1
847 187 2
847 191 2
847 202 4
847 242 7
847 307 5
847 394 7
847 409 3
847 435 4
847 436 4
847 484 1
847 506 1
847 509 3
847 519 3
847 520 6
847 526 7
847 527 4
847 529 4
847 542 7
847 583 6
847 593 1
847 594 7
847 595 5
847 712 7
847 723 6
847 729 3
847 730 3
847 741 5
847 760 1
847 761 4
847 775 5
847 785 1
847 788 4
847 814 1
847 816 5
847 826 4
847 843 1
847 966 4
847 980 2
847 983 3
847 984 7
847 996 5
848 109 7
848 348 5
848 509 6
848 515 3
848 814 5
848 816 6
848 980 1
848 983 4
848 984 5
848 985 3
849 40 2
849 607 5
850 313 3
850 604 5
851 2336 6
851 2756 2
851 543 1
852 565 4
853 1252 4
853 753 5
853 3296 1
855 2282 1
855 2441 7
855 432 5
855 2699 5
855 1675 3
855 704 4
855 733 5
855 3107 4
855 3124 3
856 877 4
857 345 2
857 775 1
860 214 2
860 861 5
862 1129 2
862 90 6
862 1212 2
862 474 6
862 534 7
862 732 2
862 1850 5
862 1937 4
862 1968 1
862 1969 6
863 165 7
863 857 7
863 864 1
863 865 6
865 1216 1
865 1240 7
865 1933 5
866 121 5
866 569 7
867 1747 6
867 868 2
868 632 3
872 213 6
872 778 7
873 576 2
874 2429 6
876 65 7
876 1247 3
876 2400 1
876 2401 7
876 1489 6
876 2638 7
876 1724 3
876 725 5
876 732 6
876 2104 4
876 992 3
876 3303 7
877 718 5
878 269 1
880 645 5
880 774 5
882 779 6
886 1010 3
887 1281 6
887 262 2
887 2728 3
887 686 7
887 687 7
887 697 5
887 779 2
887 1951 1
887 1998 4
887 1999 6
888 357 6
889 890 1
891 428 4
891 2728 5
891 924 4
892 500 4
892 703 3
893 703 2
894 73 4
897 557 7
897 3093 3
898 197 4
900 810 5
901 555 6
901 902 6
902 555 4
903 685 2
905 2278 4
905 88 2
905 1231 1
905 1234 7
905 2669 7
905 2670 7
905 2686 3
905 2728 4
905 673 6
905 685 1
905 686 6
905 687 3
905 697 1
905 732 4
905 768 6
905 3040 6
905 3041 7
905 802 3
905 1969 3
905 3191 5
905 2081 2
905 2161 4
908 852 7
909 446 6
912 826 1
916 5 4
916 36 6
916 63 6
916 77 7
916 274 5
916 329 7
916 400 6
916 595 6
916 617 4
916 661 5
916 813 1
917 112 1
917 149 5
917 150 2
917 325 6
917 326 3
917 327 1
919 764 4
919 1010 6
922 896 3
924 222 6
925 431 6
925 868 3
926 244 5
926 253 6
926 259 1
926 483 4
926 918 5
926 927 4
927 147 3
927 456 5
928 651 5
930 939 4
932 202 6
932 240 1
932 386 3
932 654 7
932 869 5
933 202 4
933 247 3
933 970 2
934 680 1
936 937 6
937 877 1
938 394 1
938 506 1
938 939 1
940 393 3
940 394 2
940 938 4
940 939 6
941 938 1
942 730 4
943 944 1
944 258 6
946 1238 2
946 706 7
947 974 3
948 328 2
951 277 4
951 399 6
953 415 2
953 684 2
954 379 1
954 737 4
956 54 1
956 633 4
956 1894 4
958 844 3
960 2415 7
960 711 7
961 1488 4
961 635 4
963 212 1
963 2129 7
966 186 2
968 727 1
968 969 2
969 1707 5
969 684 2
972 55 5
972 3279 3
972 971 6
973 196 6
976 355 2
976 516 4
977 355 4
977 516 7
978 1549 4
978 917 6
979 237 3
979 242 4
979 493 7
979 750 4
979 885 2
979 935 6
979 980 2
980 160 7
980 990 7
981 982 7
982 622 4
985 350 7
985 515 7
985 629 5
985 917 7
986 61 7
986 84 4
986 226 7
986 495 1
986 548 3
986 642 1
986 651 1
986 750 7
986 875 1
986 935 4
986 943 6
986 959 5
986 980 4
986 995 3
987 176 3
987 180 5
989 990 6
991 74 1
992 65 7
992 725 4
993 605 2
993 1721 6
993 3085 1
994 752 7
994 990 5
995 935 6
996 751 5
996 752 3
996 994 7
998 54 2
998 67 6
998 105 6
998 106 6
998 176 2
998 1000 5
999 28 4
999 54 5
999 67 6
999 105 3
999 106 7
999 714 4
999 956 6
999 987 1
999 998 4
999 1000 6
1000 67 6
1000 956 1
1000 998 1
1001 7 2
1001 377 2
1001 762 2
1003 247 2
1003 494 2
1004 7 4
1004 2316 1
1004 122 4
1004 1336 4
1004 355 2
1004 365 3
1004 481 2
1004 501 6
1004 502 5
1004 516 3
1004 1597 5
1004 619 5
1004 802 5
1004 901 2
1004 920 4
1005 51 4
1005 1197 6
1005 1336 1
1005 481 6
1005 1586 4
1005 2860 7
1005 680 7
1005 920 2
1006 779 2
1008 455 6
1011 1034 1
1011 2028 1
1011 2029 1
1012 2181 7
1012 2031 2
1013 1417 4
1013 1427 4
1013 1545 1
1013 2024 3
1014 1059 3
1014 1365 3
1014 1378 6
1015 1236 3
1015 1439 4
1015 1440 7
1015 2093 2
1016 2138 3
1017 1264 7
1017 1549 4
1017 591 7
1018 1524 5
1019 609 5
1019 2064 5
1021 1176 2
1022 1907 7
1023 1875 5
1024 1527 4
1029 1100 4
1029 1109 6
1029 1248 5
1030 1244 4
1031 1487 6
1031 1488 7
1031 1645 5
1031 1872 7
1032 2117 6
1033 1759 3
1033 2014 3
1033 2015 4
1034 1665 1
1034 1666 6
1035 1491 4
1036 1485 4
1037 1042 3
1037 1309 6
1037 1679 2
1038 1107 7
1038 1174 1
1038 1404 4
1038 1536 6
1038 1636 7
1038 1682 4
1038 1769 2
1039 1212 2
1040 1076 2
1040 1078 2
1040 1309 1
1040 1679 1
1041 2036 5
1042 1037 4
1042 1679 4
1043 1138 6
1043 1828 3
1043 1893 3
1043 2139 4
1043 2165 6
1044 1274 3
1045 1453 2
1045 1704 1
1045 1705 5
1045 1944 2
1045 1954 7
1045 1955 6
1045 1980 6
1045 2002 7
1046 1286 2
1046 1302 2
1046 1521 2
1046 1532 2
1046 1891 5
1046 1902 2
1046 2024 2
1047 1127 4
1047 1442 7
1047 1613 5
1047 1636 5
1047 1679 3
1047 1776 6
1048 1028 1
1050 1168 2
1050 1254 4
1051 1253 2
1051 2121 3
1054 1491 5
1055 1961 2
1055 1962 7
1055 1963 5
1056 1161 2
1057 1254 1
1058 1236 3
1058 2024 6
1059 1014 1
1059 1365 2
1059 1378 2
1060 1123 6
1061 1943 6
1063 1229 7
1063 1707 4
1064 1811 5
1065 1093 1
1066 1171 5
1066 1961 7
1066 1962 1
1066 1963 7
1067 1236 2
1067 1251 1
1068 1209 3
1068 235 1
1068 1515 4
1068 592 2
1068 1718 3
1068 2115 1
1070 1236 2
1071 1744 7
1073 1075 1
1075 1169 3
1076 1078 1
1077 1527 6
1078 1190 2
1078 1600 5
1079 1227 5
1079 1245 3
1079 1651 3
1079 1742 3
1079 1823 3
1079 1931 5
1080 1189 6
1080 1195 3
1080 1583 3
1081 1141 7
1081 1950 3
1083 1196 6
1083 1390 7
1083 1439 2
1083 1440 5
1083 1912 5
1083 1939 1
1083 2093 2
1084 2158 4
1086 1480 7
1088 1236 3
1090 1107 5
1090 1174 2
1090 1404 3
1090 1608 7
1092 2009 7
1093 2026 3
1094 1317 5
1094 1676 7
1096 1490 4
1098 133 7
1100 1579 6
1100 1723 4
1101 1118 4
1101 1441 6
1101 1609 6
1101 1840 4
1101 1864 2
1101 2132 6
1101 2133 7
1101 2170 4
1101 2171 7
1102 1673 6
1102 1958 3
1103 2103 5
1106 1132 2
1106 1339 7
1107 1200 4
1107 1404 5
1107 1425 2
1108 1317 5
1108 1676 3
1113 1395 3
1114 1187 3
1114 2058 7
1114 2059 4
1114 2104 3
1116 1893 3
1116 2139 5
1119 2036 6
1120 1210 1
1120 1256 3
1120 1604 7
1120 1606 2
1120 1818 7
1121 1674 1
1121 2113 2
1125 1250 4
1125 1286 1
1125 1302 2
1125 1891 3
1128 1588 1
1129 1937 2
1129 1969 2
1131 1885 2
1134 1422 7
1135 1747 5
1136 1494 7
1137 1964 1
1138 1801 6
1138 2168 3
1141 1248 7
1143 1980 2
1143 2103 5
1145 1139 4
1147 1874 4
1147 1952 5
1148 1403 7
1148 1551 7
1148 1687 7
1148 710 6
1150 1236 3
1150 1262 5
1150 1294 3
1150 421 1
1150 1506 5
1150 1508 2
1150 1659 4
1150 2118 5
1151 1301 6
1151 1960 7
1152 2949 2
1153 1329 3
1153 1342 7
1153 1629 6
1154 1117 6
1154 1135 7
1155 1213 7
1158 1214 6
1158 1461 4
1158 1571 6
1159 1257 4
1159 1287 5
1160 1369 7
1160 2083 2
1165 1788 4
1165 2066 6
1168 1511 1
1168 1544 1
1168 873 4
1168 2096 5
1168 2106 5
1174 1200 4
1174 1404 3
1174 1425 7
1175 278 7
1175 1360 7
1175 1385 3
1175 2173 2
1175 2174 2
1176 1897 3
1178 1871 2
1180 1196 6
1183 1836 4
1183 1837 4
1185 1945 4
1186 1648 6
1193 1548 6
1193 2112 7
1197 1587 5
1202 1183 2
1202 1841 6
1203 1432 1
1203 1964 7
1203 2151 3
1204 1208 3
1206 1210 7
1206 1256 1
1206 1604 6
1206 1606 4
1206 1818 4
1209 1748 3
1219 1236 1
1220 1075 5
1220 1169 6
1220 1199 2
1220 1387 2
1222 1540 2
1222 1807 6
1222 2044 4
1223 1711 7
1223 1712 7
1223 1713 6
1223 1964 4
1223 2099 3
1226 235 2
1226 1322 2
1226 592 3
1226 1821 4
1227 2792 1
1230 1191 2
1230 1514 7
1230 1811 7
1230 2097 1
1236 774 5
1236 2024 1
1241 1514 7
1242 1236 4
1242 2118 5
1243 1505 4
1247 1330 3
1254 1721 5
1254 754 1
1254 2043 1
1256 1818 6
1261 1750 1
1264 1284 7
1268 2120 3
1273 1339 5
1273 1454 2
1273 1668 4
1273 1714 3
1277 2043 5
1278 2020 2
1279 779 7
1279 1976 6
1291 1344 3
1292 1854 4
1292 1953 3
1293 1930 4
1297 1013 2
1297 1089 4
1297 1725 6
1307 2036 4
1307 2037 3
1310 1610 5
1310 2116 4
1312 1019 4
1312 1493 6
1314 1583 1
1338 1332 2
1343 1412 4
1343 404 5
1343 1881 4
1347 1089 1
1348 1353 6
1348 1965 5
1349 1290 7
1349 2031 1
1349 2124 7
1351 1893 3
1352 1207 5
1352 1449 5
1352 1539 5
1353 1965 5
1354 1019 2
1354 2856 4
1356 2061 4
1357 2774 3
1357 1976 6
1359 1583 4
1363 1759 3
1363 1946 3
1366 1727 2
1366 2043 6
1368 1355 2
1368 1414 4
1368 1415 6
1368 1476 1
1371 1078 2
1371 2140 6
1372 1904 6
1373 1083 1
1373 1152 6
1374 1061 7
1374 1062 5
1374 1177 2
1374 1410 1
1374 1726 1
1374 1979 2
1374 2035 5
1374 2149 2
1376 1802 3
1376 762 6
1379 1074 4
1379 1462 4
1379 1504 5
1379 1605 4
1380 1014 1
1380 1059 4
1380 1378 7
1380 1591 7
1381 1162 7
1381 1268 1
1381 2079 6
1382 1344 5
1382 1889 1
1383 1115 6
1383 1272 7
1383 1649 2
1383 1650 1
1383 1956 2
1386 1358 6
1386 1384 5
1386 341 7
1386 1566 2
1386 1757 2
1386 1758 7
1387 1073 6
1387 1169 2
1388 1982 1
1388 1983 3
1389 1146 6
1390 1148 6
1390 1672 2
1390 1688 4
1391 1582 5
1392 1090 1
1392 1608 3
1395 1313 7
1396 1236 3
1397 3008 4
1397 2093 2
1401 1109 6
1405 1445 1
1406 1080 6
1406 1314 2
1406 1316 2
1406 1359 3
1406 1364 7
1406 1367 1
1406 1370 1
1406 1380 2
1406 1584 2
1406 1658 6
1406 1715 3
1406 1731 6
1406 1732 6
1406 1733 3
1406 1736 5
1406 1737 6
1406 1822 4
1406 1923 4
1406 1941 3
1406 2070 4
1406 2135 5
1407 1179 2
1408 1715 5
1409 1745 3
1411 1225 6
1411 1679 2
1413 1216 6
1413 1240 5
1414 1025 4
1414 1355 4
1414 1368 6
1414 1415 5
1414 1476 6
1416 1144 2
1416 1231 2
1416 1234 6
1416 1249 7
1416 1284 4
1416 1431 6
1416 2157 3
1418 1306 6
1419 1921 3
1420 2260 4
1420 432 2
1420 2699 5
1420 1770 6
1420 3107 6
1421 1216 3
1421 1765 1
1421 1933 7
1423 1285 2
1423 1542 7
1423 1845 3
1423 1980 2
1424 1628 1
1426 2119 4
1428 1429 3
1431 2193 1
1435 1436 2
1435 2008 6
1436 1434 7
1437 1388 5
1437 1982 6
1438 1329 3
1438 1342 3
1439 1440 1
1443 1534 1
1443 1535 5
1444 1439 7
1444 1440 1
1445 2024 7
1446 1361 2
1446 1377 4
1446 1447 2
1446 1448 5
1448 1602 3
1450 2119 5
1451 1287 7
1454 1273 7
1455 2072 1
1456 1228 7
1456 1232 7
1456 1235 5
1456 1588 2
1457 1232 1
1457 1550 4
1458 1850 1
1459 1104 7
1460 1061 2
1460 1124 2
1460 1140 3
1460 1218 3
1460 1374 2
1460 1464 3
1460 1761 3
1460 1781 7
1460 1979 3
1461 1243 3
1461 1648 2
1461 628 6
1461 2005 3
1463 1590 3
1464 1184 6
1464 1761 7
1465 1298 5
1466 2045 3
1468 1467 6
1469 686 4
1470 1453 1
1470 1704 2
1470 1705 4
1470 1944 3
1470 1954 3
1470 1955 4
1470 1980 3
1470 2002 2
1472 1585 7
1473 1304 7
1473 1472 5
1473 1569 1
1473 1570 1
1474 1921 6
1474 2065 2
1475 1679 6
1475 2036 6
1477 1909 7
1478 1439 2
1478 1440 4
1479 1086 1
1479 1480 7
1479 1661 5
1479 2012 2
1481 1144 1
1481 2139 7
1483 1310 1
1483 2116 6
1484 1346 5
1488 1872 1
1492 56 5
1492 1157 3
1493 1738 4
1494 2125 2
1496 1020 2
1496 1746 4
1498 130 1
1500 1070 3
1500 1088 5
1500 1089 4
1500 1163 2
1500 1236 6
1500 1347 7
1500 1417 5
1500 1499 1
1500 2024 4
1501 1502 3
1503 1285 2
1504 1932 1
1506 1294 7
1507 1150 6
1509 149 1
1509 150 6
1509 1262 2
1509 324 4
1509 325 1
1509 326 1
1509 327 7
1509 1639 7
1510 1700 6
1511 2134 3
1512 305 7
1512 1409 5
1512 1824 1
1515 1748 7
1516 1329 1
1516 2470 6
1516 1342 3
1517 1162 6
1517 1268 4
1517 1331 6
1517 1335 2
1517 2079 6
1518 1519 1
1519 1216 6
1519 1303 1
1520 1233 6
1521 3255 4
1522 1319 3
1522 1323 4
1523 1167 5
1523 1826 3
1524 1168 4
1524 1254 3
1524 1581 1
1524 1934 4
1524 2041 5
1525 1661 4
1526 1761 4
1528 1255 3
1528 1478 7
1528 2738 1
1528 2765 6
1528 1723 2
1528 1814 7
1528 2970 5
1530 1185 7
1530 2008 3
1532 1286 6
1532 1302 7
1533 1687 2
1533 710 2
1537 1394 3
1538 1248 6
1539 1207 7
1540 1266 1
1541 1182 7
1541 1540 3
1542 1215 5
1542 1422 6
1542 1980 3
1543 2293 7
1543 2460 7
1543 1326 6
1543 828 6
1545 80 1
1545 1427 3
1546 1547 7
1546 1763 7
1549 1624 1
1549 978 1
1550 1235 4
1553 1554 6
1554 1553 5
1556 1555 5
1556 1647 4
1557 1558 2
1560 1339 4
1560 341 5
1560 1668 6
1560 1818 5
1562 1321 7
1564 1110 2
1564 1563 2
1564 1565 1
1568 1226 2
1568 235 7
1568 592 2
1573 1287 3
1574 1280 4
1577 1087 7
1577 1494 6
1578 1530 7
1580 2873 5
1580 2043 1
1582 2078 3
1583 1189 4
1584 1314 6
1585 1629 5
1586 1336 3
1586 1587 6
1588 1235 5
1589 1128 1
1589 1149 5
1589 1590 4
1590 1128 7
1592 1593 1
1594 1592 1
1594 1593 4
1595 1596 7
1597 1598 4
1599 1076 2
1599 1078 4
1599 1600 2
1599 1613 3
1599 1685 1
1599 1950 6
1599 2074 4
1601 1569 3
1602 1829 1
1606 1105 4
1606 1604 5
1609 1842 5
1611 2155 1
1612 1263 5
1613 1190 6
1614 1773 7
1615 1037 1
1615 1042 2
1615 1411 1
1615 1614 3
1618 1452 6
1619 1188 2
1620 2138 5
1621 2137 7
1622 1275 2
1624 1549 7
1625 1315 5
1626 1224 7
1626 1772 3
1626 2009 6
1628 206 5
1630 14 2
1630 1747 5
1631 1129 4
1631 90 7
1632 1801 2
1632 2168 3
1633 645 4
1633 1801 7
1633 774 6
1634 26 7
1634 2244 6
1634 1100 1
1634 2257 2
1634 1138 6
1634 1828 1
1634 1893 7
1634 2139 1
1634 2165 2
1636 1253 7
1636 1289 6
1636 1682 4
1637 1181 4
1637 1318 4
1637 1375 7
1637 1638 2
1637 1977 3
1637 2026 7
1638 1181 3
1638 1356 3
1638 1375 1
1638 1637 1
1638 2013 4
1640 1810 5
1642 1284 7
1644 1719 2
1645 1031 2
1645 1488 4
1646 1131 2
1646 1262 2
1646 1320 1
1646 1321 3
1646 421 5
1646 1883 6
1646 1885 1
1648 1243 6
1649 1272 5
1649 1650 4
1652 1868 4
1653 1237 2
1655 1422 3
1657 1080 5
1657 1189 6
1657 1314 7
1657 1359 1
1657 1583 2
1657 1584 7
1657 1735 2
1657 1736 1
1657 1737 5
1660 1661 7
1661 1098 7
1661 1362 6
1662 1326 2
1664 779 2
1664 1921 5
1664 1991 4
1667 2328 1
1667 2460 4
1667 1326 2
1667 3028 1
1667 828 4
1667 3153 1
1670 1671 2
1673 1639 7
1673 1958 7
1674 1482 1
1675 1216 6
1675 1240 5
1675 1933 6
1677 1724 3
1678 1198 2
1678 1281 4
1678 1469 1
1678 686 5
1678 1999 7
1678 2073 2
1680 1014 3
1680 1194 6
1680 1378 5
1681 1407 3
1681 1409 4
1683 1324 5
1683 1325 1
1683 1684 4
1686 1559 3
1687 1236 7
1687 421 4
1687 1508 1
1689 1830 4
1689 2176 3
1690 1122 6
1690 1478 5
1690 1528 2
1690 1814 7
1690 1891 3
1691 1815 3
1691 1992 2
1691 1993 3
1692 1593 7
1693 1260 4
1693 1844 5
1694 1810 7
1695 1100 7
1695 1690 7
1695 1828 3
1696 1697 3
1699 1334 3
1701 149 2
1701 150 2
1701 324 3
1701 325 2
1701 326 7
1701 327 1
1701 2057 1
1702 1703 1
1704 1285 4
1705 1617 5
1705 1704 2
1706 1224 4
1706 1243 5
1706 1258 3
1706 1612 2
1706 610 2
1707 2275 3
1707 1229 6
1707 1511 1
1708 1214 3
1708 2753 6
1708 818 3
1709 1490 2
1709 2072 5
1710 1172 1
1710 305 1
1710 1409 2
1710 1512 1
1710 1513 2
1716 1082 5
1716 1139 4
1716 1145 2
1716 1717 4
1717 1716 6
1717 1887 4
1720 1747 2
1722 2068 5
1724 1267 6
1725 1417 2
1725 1427 1
1725 1545 1
1725 2024 2
1727 1191 7
1727 1514 3
1727 1811 2
1727 2097 2
1728 1085 1
1728 1729 4
1729 1627 1
1729 1717 6
1730 1142 7
1730 1192 7
1731 1071 2
1731 1080 6
1731 1194 6
1731 1314 1
1731 1359 5
1731 1364 6
1731 1583 4
1731 1584 3
1731 1657 2
1731 1658 3
1731 1680 5
1731 1735 6
1731 1736 6
1731 1737 5
1731 1985 1
1732 1657 6
1732 1731 3
1732 1985 6
1733 1059 1
1733 1495 1
1733 1744 7
1735 1314 4
1735 1359 7
1735 1736 2
1735 1737 2
1736 1314 2
1736 1359 4
1736 1583 6
1736 1735 7
1737 1314 2
1737 1359 2
1737 1736 4
1740 1282 2
1740 1741 2
1740 1766 5
1743 1019 3
1743 2394 1
1743 1874 6
1744 1014 1
1744 1059 2
1744 1378 4
1745 1269 3
1749 1235 5
1751 2106 2
1752 1628 3
1752 1949 2
1753 1628 4
1753 1635 6
1753 1949 5
1754 1641 4
1755 1835 3
1755 1836 2
1755 1837 7
1756 1784 2
1756 1785 4
1759 1486 5
1759 1561 1
1759 1946 4
1759 1947 5
1760 1854 1
1760 1953 6
1762 1911 3
1764 1811 2
1766 1282 7
1767 1099 2
1768 1099 5
1768 1767 3
1769 1107 3
1769 1174 7
1770 1298 4
1770 1771 4
1770 2123 3
1771 1770 5
1771 2123 1
1772 1217 4
1772 2009 1
1772 2092 7
1775 1776 6
1776 1107 6
1776 1174 1
1776 1404 4
1779 1523 3
1780 1288 6
1781 1774 1
1782 1576 4
1783 1471 6
1786 1784 7
1787 1052 6
1787 1254 2
1787 1288 5
1787 1654 1
1787 1780 5
1787 1789 2
1788 1239 7
1789 2363 7
1791 1476 2
1792 1794 4
1793 1777 3
1794 1487 4
1794 1793 2
1795 1164 2
1796 1326 4
1797 1727 2
1798 2108 6
1799 1540 2
1799 1807 4
1799 2044 5
1801 1531 3
1801 2024 3
1803 1222 2
1804 1334 3
1804 1699 1
1806 1186 4
1806 1805 1
1809 1974 2
1810 1315 2
1812 1173 4
1812 1813 4
1812 2152 6
1815 1992 7
1816 1727 6
1817 1623 7
1818 1210 4
1818 1256 6
1819 2048 3
1820 1259 5
1820 1270 6
1820 1617 5
1820 1669 2
1822 1130 7
1823 1651 6
1827 2072 2
1831 1336 4
1831 1554 6
1832 1833 3
1833 1656 2
1833 2154 6
1834 1837 6
1835 1836 1
1838 1834 7
1838 1836 6
1838 1837 3
1839 1325 1
1841 1183 2
1842 1139 2
1842 1738 1
1843 1738 4
1847 1790 5
1848 1205 4
1848 1216 5
1848 1849 4
1850 1212 5
1850 1281 2
1850 1937 4
1850 1951 5
1850 1998 5
1850 1999 4
1851 1633 6
1851 1801 4
1851 2995 1
1851 3009 5
1851 2168 6
1852 1257 7
1852 1295 2
1852 1340 2
1853 1582 4
1856 1868 3
1857 1126 5
1857 1193 6
1857 577 3
1857 1858 2
1857 1859 7
1857 1966 3
1858 3013 7
1858 3274 6
1859 404 4
1859 3274 5
1860 1132 3
1860 1236 5
1860 1242 7
1860 1668 7
1861 1266 6
1862 1430 5
1863 1336 4
1863 1489 4
1864 1095 4
1864 1123 7
1864 1552 5
1865 1271 6
1866 1141 6
1866 1246 6
1866 2167 4
1867 1866 7
1869 1873 6
1870 1178 6
1870 1337 5
1870 1944 4
1870 1945 6
1873 1663 3
1875 1616 7
1875 1988 1
1876 686 7
1876 687 6
1877 1502 5
1877 1575 2
1878 1096 1
1878 1265 6
1878 1465 5
1878 1603 1
1878 1684 6
1878 2072 7
1879 2012 7
1880 1257 3
1882 2101 4
1883 1885 1
1884 1885 1
1886 1097 6
1886 1944 6
1888 1887 3
1889 1344 1
1890 1253 2
1891 1236 7
1891 1439 6
1892 1274 5
1892 1296 7
1893 1894 4
1894 1893 6
1895 779 5
1895 1991 6
1896 1176 3
1896 1393 4
1896 1607 1
1896 2051 6
1898 1899 3
1900 1221 1
1900 1811 3
1901 1300 5
1902 1286 5
1902 1302 2
1903 1624 2
1903 1965 4
1903 2032 1
1903 2033 7
1905 1027 4
1905 1360 7
1906 2826 4
1906 3123 6
1906 2048 3
1908 1166 5
1908 1689 6
1908 2176 4
1910 1911 5
1911 1248 3
1912 1083 6
1912 1150 1
1913 2143 7
1915 1790 1
1916 1422 4
1916 1572 2
1916 1705 4
1916 853 7
1918 1188 2
1918 1276 4
1918 1298 4
1918 1308 2
1918 1739 4
1918 1811 5
1918 1853 7
1918 1917 2
1918 2023 4
1918 2094 3
1918 2095 1
1918 2114 1
1918 2148 5
1918 2151 2
1918 2159 2
1918 2175 1
1919 1721 7
1919 1873 3
1919 1920 6
1920 1111 3
1920 1663 1
1920 1855 2
1922 1901 6
1924 1275 7
1924 1404 6
1924 1911 5
1925 2075 6
1926 1344 6
1927 1784 1
1927 1785 7
1927 1790 5
1928 1784 5
1928 1785 5
1928 1790 3
1928 1927 2
1928 2022 5
1929 1698 6
1929 2078 7
1930 1487 5
1931 2420 1
1935 1567 5
1935 1576 6
1935 1782 5
1935 1936 1
1937 1212 2
1938 1019 5
1940 1918 3
1941 1030 5
1941 1244 1
1942 1050 2
1944 1178 1
1944 1945 1
1946 1759 6
1948 1825 5
1949 1628 2
1949 1948 6
1952 1112 2
1956 251 7
1957 1026 6
1957 1409 4
1959 1673 3
1959 1958 7
1966 1548 6
1966 2112 6
1967 1013 5
1967 1725 5
1968 474 2
1970 1398 7
1970 1399 2
1970 1400 1
1970 1971 5
1971 1398 1
1971 1400 6
1972 1091 3
1972 1609 6
1972 1643 6
1972 1964 4
1972 1968 6
1972 2160 1
1975 1156 4
1975 1973 4
1976 1999 6
1977 1327 7
1977 1974 3
1977 2026 7
1978 1449 6
1979 1514 3
1979 1978 2
1979 2149 4
1980 1285 1
1980 2032 1
1980 2033 3
1980 2112 4
1984 1747 3
1985 1071 2
1985 1350 6
1985 1584 5
1985 1734 4
1986 1747 4
1988 1987 7
1989 1241 5
1989 1514 4
1989 2149 4
1990 1311 4
1990 762 5
1991 1921 3
1994 1214 5
1994 1819 1
1995 1997 2
1996 1179 3
1997 1179 7
1997 1996 2
1998 1281 4
1999 1281 5
2000 1845 5
2002 1452 2
2002 1954 1
2002 1955 2
2003 1487 5
2003 2002 3
2004 1214 7
2004 1461 5
2004 1571 7
2005 1332 2
2006 1214 6
2006 1258 6
2006 1422 7
2006 1571 1
2006 2005 5
2006 2109 2
2006 2110 6
2006 2112 5
2007 1034 1
2008 1341 4
2009 1224 6
2010 2011 3
2010 2012 6
2011 2012 3
2014 1033 1
2014 1759 1
2014 2015 6
2015 2014 2
2016 2017 5
2018 1295 4
2019 1398 1
2019 1400 7
2021 2079 4
2022 1402 7
2022 1784 1
2022 1790 4
2022 1927 3
2025 1235 6
2027 1065 1
2027 1093 6
2030 2090 3
2031 1238 3
2031 946 3
2033 2032 6
2034 1289 1
2034 1776 3
2034 1981 4
2039 2038 4
2040 2028 2
2040 2029 5
2042 1283 6
2046 1133 4
2046 2047 4
2048 1777 4
2048 1846 6
2049 1151 1
2049 1252 6
2049 1308 3
2049 1703 7
2049 1845 1
2049 1846 4
2049 1964 4
2049 2001 7
2049 2032 1
2049 2033 6
2049 2048 7
2049 2050 4
2049 2075 1
2049 2175 3
2050 1285 1
2050 1332 4
2050 1423 5
2050 1542 4
2050 1648 4
2050 853 4
2050 1980 4
2050 2006 1
2050 2032 1
2050 2033 1
2050 2112 5
2052 1463 3
2052 1490 5
2052 1590 6
2052 2025 6
2052 2072 2
2053 1273 3
2054 2072 3
2055 2054 2
2055 2056 7
2056 1341 1
2060 1201 5
2063 1048 1
2064 1921 4
2064 2065 5
2066 1788 5
2068 1345 1
2069 2068 3
2076 1245 2
2077 2175 1
2080 1300 3
2080 1333 3
2080 1704 6
2080 1705 4
2080 1926 7
2080 1954 5
2081 1305 3
2081 665 5
2081 1876 2
2081 2161 6
2083 1328 2
2083 1356 6
2083 1369 4
2083 1637 5
2083 2082 6
2084 2104 2
2085 2087 2
2087 2086 4
2088 1372 2
2089 2087 2
2091 2064 6
2098 1276 6
2098 2071 1
2100 2102 1
2101 2102 7
2105 1100 6
2105 1144 5
2105 311 7
2105 1579 3
2105 1723 7
2105 3044 7
2106 1751 1
2107 2108 6
2109 2110 6
2110 2005 6
2110 2112 1
2111 2112 6
2112 1332 1
2118 774 1
2118 2024 4
2119 1536 3
2121 1299 3
2121 1964 4
2126 2062 6
2126 2127 6
2128 1244 7
2130 2129 5
2130 963 7
2131 2129 7
2135 1053 6
2135 1194 7
2135 1680 6
2135 2141 2
2136 1394 6
2136 1747 7
2137 1069 4
2137 1211 3
2137 2147 5
2139 1255 2
2139 1498 7
2139 1828 5
2142 2143 4
2142 2144 1
2145 1805 7
2145 2054 5
2146 2162 6
2148 1203 7
2148 2150 4
2149 1921 1
2151 1432 5
2151 1433 5
2153 1800 4
2155 1611 4
2156 1072 7
2157 1231 2
2159 2175 7
2160 1968 3
2161 1921 6
2164 2163 1
2166 1170 2
2168 1801 5
2169 1133 4
2169 1170 2
2169 1529 3
2169 2166 1
2171 2172 1
2174 1385 7
2174 2173 3
2175 2122 6
2177 2903 5
2179 2200 1
2183 2677 3
2183 845 3
2183 3156 4
2184 2306 1
2184 2356 6
2185 2539 4
2186 3139 4
2187 2666 1
2188 3300 1
2189 2303 1
2189 2634 4
2190 3145 3
2192 2488 4
2195 2209 7
2196 55 6
2196 3279 4
2197 2504 1
2199 3025 6
2202 2460 6
2202 779 6
2202 828 4
2202 3162 7
2203 2911 2
2205 2899 7
2205 2900 3
2206 2675 5
2206 3099 2
2207 2632 2
2207 2855 6
2210 2275 2
2210 1707 6
2211 2326 2
2212 2423 4
2212 2474 2
2212 3132 7
2213 2244 4
2213 3258 5
2214 2845 1
2214 976 3
2217 3037 4
2218 3194 4
2219 2391 2
2221 2513 3
2221 2665 1
2221 3115 6
2222 2567 7
2224 2779 5
2224 2780 6
2225 2398 2
2226 2341 7
2228 3299 1
2229 2597 5
2232 2540 5
2232 3033 2
2232 3203 4
2233 2698 5
2233 3158 3
2235 2992 4
2236 2193 1
2241 2691 2
2242 2665 3
2243 2324 5
2243 3074 5
2245 2310 3
2245 2390 1
2245 2483 6
2246 3034 2
2248 2746 4
2250 2904 2
2252 3310 3
2256 2871 3
2257 3021 2
2258 2476 7
2258 2737 5
2259 2427 6
2259 2442 1
2259 2744 6
2261 2306 3
2261 2356 6
2262 2412 1
2263 2951 5
2263 1813 3
2263 2959 4
2264 2223 6
2265 2204 6
2274 3127 3
2274 2044 4
2276 626 6
2277 3029 6
2278 1198 3
2278 1469 5
2278 686 2
2278 3040 5
2281 2198 2
2282 1518 1
2285 2616 6
2288 2311 3
2296 2763 6
2298 3023 2
2299 2253 1
2299 2259 3
2302 2284 6
2302 2506 1
2305 2905 4
2306 2356 3
2312 3148 4
2312 3149 4
2314 3282 1
2316 2406 5
2317 2457 3
2319 2561 2
2320 2401 1
2320 2638 1
2322 2605 1
2322 3203 3
2324 3074 7
2325 2594 7
2327 3221 6
2328 3153 7
2332 1173 2
2333 2500 5
2335 3200 6
2335 3247 7
2338 3059 5
2339 2596 4
2339 974 1
2340 2400 7
2340 725 7
2344 2456 1
2344 2624 1
2345 2230 1
2347 2860 1
2348 2548 7
2350 2793 3
2350 2907 5
2351 3013 4
2352 2479 1
2353 2565 1
2357 2354 2
2360 2839 7
2361 130 4
2361 2556 4
2361 3255 3
2362 614 7
2364 2418 6
2365 3285 6
2369 3070 6
2371 377 6
2374 2420 1
2375 2269 7
2375 3213 1
2375 3214 1
2375 3216 3
2376 2965 3
2378 2682 1
2378 2683 5
2394 2397 4
2395 3181 6
2404 2960 6
2416 2629 6
2420 2437 2
2422 2371 4
2426 2756 7
2434 2767 1
2438 2465 2
2440 2425 5
2448 2563 3
2455 2850 5
2455 2851 2
2455 861 6
2462 2908 7
2467 2470 3
2486 2583 7
2487 3185 5
2489 2391 3
2490 2578 1
2491 2223 7
2493 2854 7
2494 1198 7
2494 1469 2
2494 686 7
2494 3040 7
2499 2191 3
2501 2861 3
2501 3180 7
2502 2377 1
2507 3074 6
2508 2215 2
2509 2638 5
2509 2649 1
2509 3301 3
2511 3206 6
2512 2182 6
2514 2599 4
2515 3133 3
2517 2367 5
2518 2846 6
2519 2254 2
2520 3024 2
2521 2557 5
2522 3223 1
2523 2431 1
2525 2446 7
2528 2342 1
2530 2529 3
2531 2533 3
2534 2473 2
2534 2609 7
2535 2534 3
2536 2280 3
2538 2309 4
2540 2469 6
2540 3033 3
2541 2542 6
2541 2944 4
2545 3274 3
2546 2191 6
2547 2893 7
2550 3004 6
2550 3005 1
2552 2456 2
2552 2478 4
2553 2402 5
2553 2405 7
2554 2255 3
2556 3255 3
2558 2224 5
2558 2780 7
2558 3022 1
2559 246 6
2559 3120 2
2560 2581 4
2562 2563 3
2564 2359 5
2566 2567 2
2568 2757 3
2569 2729 3
2571 2570 6
2572 3192 7
2573 2965 6
2574 3217 1
2575 3163 7
2579 2407 1
2579 351 6
2580 2579 2
2580 2770 2
2582 2662 7
2584 2586 4
2584 2672 2
2585 2584 7
2586 2584 2
2586 2585 3
2590 2178 1
2590 2476 7
2591 2697 3
2591 2698 7
2591 821 1
2592 3296 1
2593 2199 7
2593 62 3
2593 1312 6
2593 3166 4
2593 3187 1
2594 2325 6
2594 2595 6
2595 2325 2
2595 2594 7
2598 2548 7
2599 3093 5
2600 3109 3
2601 2642 5
2603 2271 1
2603 2602 5
2603 2809 2
2604 2766 7
2606 2607 3
2607 2606 3
2607 2608 7
2611 2612 6
2613 2605 2
2614 2617 4
2614 2619 7
2615 2285 7
2615 2616 7
2616 2614 4
2616 2617 4
2616 2618 2
2618 2617 6
2619 2618 1
2621 2620 1
2622 2859 1
2623 2792 4
2624 2456 5
2625 2626 5
2627 3018 3
2628 2380 6
2630 2321 7
2631 2481 4
2633 2577 1
2636 2635 5
2640 2639 1
2641 185 7
2641 3117 6
2642 2601 1
2643 2645 4
2644 2645 2
2646 2282 2
2650 2660 5
2651 2574 3
2651 692 6
2651 2994 5
2651 914 1
2652 2271 4
2654 1529 2
2654 2166 3
2655 2690 3
2656 2194 7
2657 1286 7
2657 2447 6
2657 1302 5
2657 2658 6
2658 2447 2
2658 2657 6
2658 1531 7
2658 1532 1
2663 2664 1
2664 2044 6
2668 2669 4
2668 2670 3
2669 2463 3
2669 686 5
2669 3191 3
2671 2439 4
2678 2382 7
2678 2396 4
2682 2683 3
2684 2378 7
2684 2682 3
2684 2683 2
2686 2385 6
2686 1714 1
2686 686 7
2686 687 1
2688 2409 6
2688 2687 2
2688 2689 1
2689 2687 3
2693 2373 1
2694 2505 2
2695 2212 4
2695 2498 1
2696 2578 3
2696 1867 3
2696 3144 5
2699 2441 3
2700 3231 1
2702 2647 3
2704 2602 5
2705 2864 4
2706 2445 1
2708 2825 1
2709 2681 3
2710 2761 7
2711 2438 1
2711 2465 4
2711 2531 1
2711 2532 3
2711 2667 5
2711 2813 6
2711 3244 4
2713 2653 7
2714 2939 7
2715 2475 3
2716 2717 1
2719 2718 6
2720 3015 4
2721 2629 7
2723 2722 2
2724 2744 1
2726 2557 6
2727 2913 7
2731 2337 2
2732 2526 6
2733 2349 4
2733 2746 4
2733 3195 3
2736 2178 5
2736 2476 7
2738 2408 2
2739 2707 6
2739 715 7
2740 2213 6
2741 2411 1
2742 1122 5
2742 2880 6
2745 122 6
2745 2588 6
2745 2665 7
2745 464 4
2745 3115 1
2747 2748 5
2749 3264 6
2750 2279 5
2752 2889 6
2753 2387 3
2753 2418 5
2754 2755 5
2758 3063 7
2759 2610 4
2762 2204 3
2764 3224 3
2768 2315 3
2773 2783 5
2774 2293 7
2776 2267 1
2776 2775 1
2777 2272 5
2777 3088 5
2778 2676 1
2778 2724 7
2780 2870 5
2781 2392 7
2784 2402 1
2784 2432 5
2784 2553 2
2784 3031 3
2784 3094 4
2785 2402 1
2785 2405 5
2785 2553 3
2786 2386 5
2788 2787 1
2790 2461 5
2790 2857 1
2794 2289 4
2794 2795 1
2795 1241 6
2796 2999 2
2797 2249 3
2798 3243 2
2799 3128 2
2801 2800 3
2802 3092 1
2804 2524 6
2805 2807 5
2805 3112 1
2805 3113 3
2806 2807 4
2808 2354 2
2809 2734 3
2809 3129 5
2810 2525 7
2811 2226 4
2812 2539 5
2813 2438 3
2813 2465 5
2814 2815 5
2816 2383 3
2817 2472 6
2818 2819 6
2820 2889 5
2821 2268 2
2823 2610 1
2824 2977 2
2827 2873 7
2828 3219 2
2829 2458 6
2829 2933 6
2830 2291 2
2831 2307 4
2832 2286 2
2832 2295 1
2832 2323 2
2832 3160 2
2832 3161 1
2832 3200 6
2833 2744 2
2835 2370 1
2836 2358 4
2837 2838 4
2837 2882 7
2839 2840 4
2840 2839 3
2841 2842 1
2843 2276 7
2843 626 5
2844 2227 1
2847 2848 5
2847 2849 6
2847 1807 5
2852 2853 4
2853 2852 5
2855 185 5
2855 199 5
2856 2751 4
2858 2464 2
2862 2932 7
2863 2864 7
2863 3131 5
2865 2181 7
2865 946 7
2866 3181 2
2868 2466 3
2872 2384 6
2874 2972 3
2874 3105 5
2875 2914 7
2877 2319 1
2877 2561 2
2878 2319 1
2878 2561 6
2878 3046 3
2878 3201 4
2878 3278 4
2881 3135 7
2883 2421 1
2886 2888 1
2887 2424 5
2887 2886 5
2890 2918 3
2891 2253 6
2892 2300 1
2894 2266 1
2894 556 1
2894 3048 3
2895 653 7
2896 2897 1
2897 2895 7
2898 2362 1
2901 3279 3
2902 2541 6
2906 2484 3
2910 2451 1
2912 2453 7
2916 2576 5
2916 1889 7
2917 2301 7
2919 2638 6
2921 2922 4
2923 95 3
2923 2692 3
2923 2924 5
2926 3249 5
2927 2363 6
2928 2822 5
2929 2867 6
2930 2419 2
2930 2471 1
2930 2980 1
2931 2492 1
2931 2497 2
2932 2862 5
2934 2308 6
2934 3270 4
2934 3271 7
2935 2180 4
2936 2869 2
2937 2659 4
2937 2938 4
2940 3076 6
2941 2389 6
2942 2915 5
2943 2482 7
2945 2355 6
2946 2789 4
2947 2876 5
2948 1173 4
2953 2950 3
2953 2956 6
2955 2251 6
2955 1173 1
2955 2332 1
2955 2503 1
2955 2760 5
2955 2948 2
2955 2952 1
2955 2954 5
2955 1813 5
2955 2958 5
2955 3173 3
2956 2950 7
2957 1813 5
2957 2959 6
2960 2404 2
2963 2834 6
2967 2966 5
2969 2292 5
2969 1897 6
2971 2417 6
2974 3077 2
2975 3118 7
2976 2399 3
2976 3303 5
2977 2824 5
2979 2599 6
2981 2452 2
2981 2549 1
2982 2707 5
2983 2454 4
2983 2984 6
2983 2986 6
2984 2454 3
2985 2454 7
2985 2984 7
2985 2986 6
2987 530 4
2987 2730 7
2989 2988 1
2993 3311 4
2995 2765 4
2996 2331 7
2996 2543 4
2996 2544 3
2996 2997 7
2996 3233 3
2998 3109 4
3001 3307 5
3002 2527 3
3006 3005 6
3007 2272 4
3008 3009 7
3010 3011 4
3012 2418 1
3014 3015 6
3016 2238 6
3016 3017 2
3019 2867 3
3020 2531 2
3020 2532 5
3020 2533 6
3020 936 1
3021 1529 1
3021 2166 6
3022 2224 2
3022 2780 2
3027 3026 1
3028 2460 7
3028 779 2
3028 828 5
3028 3162 3
3029 2277 1
3030 2304 5
3031 2402 1
3031 2432 6
3032 2477 3
3033 2540 6
3035 2246 7
3035 3034 5
3036 2501 7
3037 1829 3
3039 3073 1
3040 770 4
3041 2415 3
3041 770 1
3042 2539 3
3043 2419 7
3043 185 7
3043 2641 7
3043 2909 4
3043 2980 5
3043 3111 7
3043 3117 2
3044 2216 1
3045 3038 4
3046 638 4
3046 3201 3
3047 2735 7
3048 2290 7
3050 3049 7
3051 2234 1
3051 2270 5
3051 2510 3
3051 3052 5
3051 3054 1
3052 2234 1
3052 2510 7
3052 3053 6
3056 3055 7
3057 3033 1
3058 3231 1
3061 3060 4
3061 3062 4
3064 2637 4
3065 3066 5
3067 3065 3
3067 3066 1
3068 3069 3
3071 2269 3
3072 3071 1
3075 2449 2
3078 2744 2
3080 2665 6
3080 3079 6
3081 3082 7
3083 3084 7
3084 3081 5
3084 3082 7
3085 2210 6
3085 2275 5
3085 2647 3
3085 993 1
3087 3109 7
3089 2712 3
3090 3196 5
3095 3096 7
3095 3097 2
3095 3182 7
3096 3097 2
3096 3182 2
3099 2675 1
3099 3098 6
3100 3101 5
3102 3101 5
3103 3104 4
3103 3274 5
3106 2428 7
3107 2441 6
3107 2699 4
3107 2840 4
3108 2516 6
3108 2517 6
3110 2555 4
3114 2239 6
3119 2336 6
3119 2756 5
3121 3122 2
3122 194 2
3123 1698 5
3123 2826 4
3124 2260 4
3124 2337 3
3124 2646 6
3124 1849 6
3125 2310 6
3125 2390 2
3125 2483 2
3125 2485 4
3125 2534 7
3131 3130 5
3133 2413 6
3134 3133 1
3136 3137 5
3138 2549 7
3140 2371 1
3141 2673 4
3142 2769 4
3143 2964 1
3144 2283 5
3146 3150 3
3146 3295 3
3147 3146 1
3147 3149 6
3147 3150 5
3148 3146 1
3149 3146 4
3149 3150 2
3150 3146 6
3150 3149 6
3151 2219 1
3151 3146 5
3151 962 3
3153 2460 1
3154 2459 3
3155 2429 3
3155 874 6
3156 3159 5
3157 2313 7
3161 2295 3
3162 2460 2
3164 2340 4
3165 2437 7
3167 2334 4
3167 2444 7
3167 3168 3
3168 2444 5
3169 3014 7
3169 3015 2
3170 2869 3
3171 2223 1
3172 2403 2
3172 3304 7
3173 2251 6
3174 2728 6
3175 2324 6
3175 3074 3
3176 2343 6
3177 3178 4
3178 2428 1
3183 401 6
3183 404 6
3183 3184 7
3185 402 3
3185 2864 4
3186 2381 7
3186 2961 4
3188 2247 1
3188 3189 6
3189 2247 7
3189 2366 5
3190 2240 4
3190 3116 5
3193 2294 1
3195 2349 5
3195 2746 4
3198 3199 6
3202 2468 3
3202 2540 1
3202 3033 2
3202 3203 6
3204 2468 3
3207 2257 2
3208 2791 5
3209 2393 6
3210 2970 3
3212 2208 3
3212 3213 2
3212 3216 7
3213 3211 5
3215 2287 2
3218 2433 2
3220 2972 2
3220 3105 5
3225 2968 4
3226 3227 2
3227 2346 6
3228 2456 6
3228 2624 4
3228 2037 1
3229 3230 2
3232 3233 4
3234 3205 7
3235 2214 7
3235 2845 2
3236 2480 4
3237 3238 6
3239 2772 3
3240 2435 1
3240 2443 7
3240 2883 3
3240 3222 4
3241 3242 7
3244 2438 4
3244 2667 7
3246 3245 3
3250 3251 4
3253 3252 3
3254 2297 1
3256 2653 3
3257 2414 6
3258 341 6
3259 2477 5
3260 3261 1
3260 3263 1
3261 3263 3
3262 2629 7
3262 1651 3
3262 1823 3
3265 3000 5
3267 185 7
3267 3266 2
3268 3266 1
3269 2230 2
3270 2308 1
3272 2767 2
3273 2237 2
3273 446 2
3274 2351 1
3274 3013 3
3275 2410 4
3276 2450 1
3277 2771 1
3278 2701 1
3280 2330 2
3281 3222 1
3283 3284 5
3285 2365 7
3286 2379 3
3286 2437 2
3286 2703 6
3286 2721 6
3286 2864 6
3288 3287 5
3289 3248 1
3290 2334 5
3290 2444 1
3290 3167 3
3290 3168 6
3291 2318 2
3293 2624 3
3294 2495 7
3297 2685 3
3297 2879 7
3298 2743 2
3303 2399 1
3305 1529 3
3305 2654 4
3305 2166 3
3306 3302 5
3308 3309 4
